45.853558 6.615413
45.853558 6.6159296
45.853558 6.616446
45.853558 6.6169624
45.853558 6.617413
45.853565 6.617503
45.8536 6.6175823
45.853645 6.617641
45.853706 6.617672
45.853767 6.617672
45.853825 6.617641
45.853874 6.6175823
45.853905 6.617503
45.853916 6.617413
45.853916 6.6169624
45.853916 6.616446
45.853916 6.6159296
45.853916 6.615413
45.853928 6.615323
45.85396 6.615244
45.854008 6.6151853
45.854065 6.615154
45.854126 6.615154
45.854187 6.6151853
45.854233 6.615244
45.854267 6.615323
45.854275 6.615413
45.854275 6.6159296
45.854275 6.616446
45.854275 6.6169624
45.854275 6.617413
45.854248 6.617503
45.85428 6.6175823
45.854324 6.617641
45.854385 6.617672
45.854446 6.617672
45.854507 6.617641
45.854553 6.6175823
45.854584 6.617503
45.854557 6.617413
45.854557 6.6169624
45.854557 6.616446
45.854557 6.6159296
45.854557 6.615413
